14976
14977
14978
14980
14981
14982
14984
14985
14987
14988
14989
14991
14994
14995
14996
14997
14998
14999
15001
15002
15003
15004
15005
15006
15008
15009
15010
15012
15013
15014
15016
15017
15018
15019
15020
15021
15023
15025
15026
15027
15028
15030
15031
15032
15034
15035
15036
15038
15039
15041
15042
15043
15044
15046
15047
15049
15050
15052
15053
15055
15056
15057
15059
15060
15061
15063
15064
15066
15067
15069
15070
15071
15073
15074
15076
15077
15079
15080
15081
15083
15084
15086
15087
15088
15090
15091
15092
15094
15095
15096
15098
15099
15101
15102
15103
15105
15106
15108
15109
15111
15113
15114
15116
15117
15119
15120
15122
15124
15125
15127
15128
15130
15131
15132
15133
15135
15137
15138
15140
15142
15143
15145
15146
15148
15150
15152
15153
15155
15157
15158
15159
15161
15162
15164
15166
15168
15169
15171
15174
15175
15177
15179
15181
15183
15184
15186
15188
15191
15193
15195
15196
15198
15200
15202
15203
15205
15207
15209
15211
15213
15215
15216
15218
15220
15222
15224
15226
15228
15230
15232
15234
15236
15238
15240
15241
15243
15244
15246
15247
15249
15250
15252
15253
15255
15257
15259
15260
15262
15264
15266
15268
15270
15272
15273
15275
15277
15279
15280
15282
15284
15286
15288
15290
15292
15293
15295
15297
15299
15301
15303
15305
15307
15309
15311
15312
15314
15316
15318
15320
15322
15324
15326
15328
15330
15331
15335
15337
15339
15341
15343
15345
15346
15348
15350
15352
15355
15357
15358
15360
15363
15364
15366
15368
15369
15371
15373
15375
15377
15378
15380
15381
15383
15385
15387
15389
15391
15393
15395
15397
15399
15401
15403
15405
15407
15409
15411
15413
15415
15417
15419
15421
15422
15424
15426
15428
15430
15432
15435
15437
15440
15442
15444
15446
15449
15451
15453
15458
15460
15463
15465
15472
15475
15477
15480
15482
15487
15489
15492
15495
15500
15503
15505
15508
15510
15513
15516
15518
15521
15523
15525
15528
15531
15533
15536
15538
15541
15543
15545
15547
15550
15552
15555
15557
15559
15562
15564
15567
15569
15571
15574
15576
15579
15581
15584
15587
15589
15592
15594
15597
15599
15601
15604
15607
15610
15612
15614
15617
15619
15622
15624
15626
15629
15631
15634
15638
15640
15643
15646
15648
15651
15654
15658
15662
15665
15668
15672
15675
15678
15682
15686
15689
15693
15697
15700
15703
15707
15710
15713
15717
15721
15724
15727
15729
15732
15736
15739
15742
15745
15748
15752
15756
15759
15762
15766
15769
15773
15777
15780
15783
15786
15789
15794
15797
15801
15805
15808
15811
15813
15816
15819
15822
15824
15828
15831
15835
15839
15843
15847
15850
15854
15858
15861
15865
15868
15871
15875
15879
15882
15886
15890
15894
15898
15901
15905
15910
15913
15915
15918
15921
15924
15927
15931
15934
15937
15940
15943
15947
15951
15954
15957
15960
15963
15966
15970
15974
15977
15980
15984
15988
15992
15995
15998
16002
16005
16009
16012
16015
16018
16021
16025
16028
16032
16035
16040
16043
16046
16050
16053
16056
16060
16063
16066
16069
16073
16075
16078
16081
16084
16087
16090
16093
16097
16100
16103
16107
16110
16113
16118
16122
16125
16129
16131
16135
16138
16141
16145
16148
16151
16154
16158
16162
16166
16169
16173
16176
16179
16183
16186
16190
16192
16194
16197
16200
16202
16205
16208
16210
16214
16217
16219
16222
16226
16230
16234
16239
16244
16247
16250
16253
16256
16260
16264
16268
16272
16275
16278
16281
16286
16290
16293
16296
16299
16303
16308
16311
16315
16321
16326
16331
16335
16338
16341
16344
16347
16350
16353
16357
16361
16365
16368
16372
16375
16378
16382
16385
16389
16393
16397
16400
16403
16407
16410
16413
16416
16420
16422
16426
16430
16433
16437
16441
16444
16448
16451
16455
16459
16462
16465
16468
16471
16474
16478
16483
16486
16492
16496
16500
16504
16508
16511
16515
16519
16523
16527
16531
16534
16537
16541
16545
16548
16551
16555
16558
16561
16564
16567
16570
16572
16575
16578
16581
16584
16587
16590
16592
16595
16599
16602
16606
16609
16612
16616
16619
16622
16625
16628
16631
16634
16637
16639
16642
16644
16648
16651
16654
16657
16659
16662
16664
16667
16670
16673
16676
16679
16682
16685
16688
16690
16694
16697
16700
16704
16708
16712
16716
16720
16723
16727
16731
16735
16738
16742
16745
16748
16752
16757
16760
16764
16768
16772
16776
16779
16783
16787
16791
16795
16799
16802
16806
16809
16813
16816
16821
16824
16828
16833
16838
16841
16845
16848
16851
16854
16858
16861
16865
16867
16870
16874
16877
16880
16884
16887
16890
16894
16897
16899
16903
16907
16912
16915
16919
16922
16925
16928
16931
16935
16938
16942
16945
16947
16950
16955
16959
16962
16964
16965
16966
16967
16968
16969
16970
16971
16972
16973
16974
16975
16976
16977
16978
16979
16980
16981
16982
16983
16984
16985
16986
16987
16988
16989
16990
16991
16992
16993
16994
16995
16996
16997
16998
16999
17000
17001
17002
17003
17004
17005
17006
17007
17008
17009
17010
17011
17012
17013
17014
17015
17016
17017
17018
17019
17020
17021
17022
17023
17024
17025
17026
17027
17028
17029
17030
17031
17032
17033
17034
17035
17036
17037
17038
17039
17040
17041
17042
17043
17044
17045
17046
17047
17048
17049
17050
17051
17052
17053
17054
17055
17056
17057
17058
17059
17060
17061
17062
17063
17064
17065
17066
17067
17068
17069
17070
17071
17072
17073
17074
17075
17076
17077
17078
17079
17080
17081
17082
17083
17084
17085
17086
17087
17088
17089
17090
17091
17092
17093
17094
17095
17096
17097
17098
17099
17100
17101
17102
17103
17104
17105
17106
17107
17108
17109
17110
17111
17112
17113
17114
17115
17116
17117
17118
17119
17120
17121
17122
17123
17124
17125
17126
17127
17128
17129
17130
17131
17132
17133
17134
17135
17136
17137
17138
17139
17140
17141
17142
17143
17144
17145
17146
17147
17148
17149
17150
17151
17152
17153
17154
17155
17156
17157
17158
17159
17160
17161
17162
17163
17164
17165
17166
17167
17168
17169
17170
17171
17172
17173
17174
17175
17176
17177
17178
17179
17180
17181
17182
17183
17184
17185
17186
17187
17188
17189
17190
17191
17192
17193
17194
17195
17196
17197
17198
17199
17200
17201
17202
17203
17204
17205
17206
17207
17208
17209
17210
17211
17212
17213
17214
17215
17216
17217
17218
17219
17220
17222
17223
17224
17225
17226
17227
17228
17229
17230
17231
17232
17233
17234
17235
17236
17237
17238
17239
17240
17241
17242
17243
17244
17245
17246
17247
17248
17249
17250
17251
17252
17253
17254
17255
17256
17257
17258
17259
17261
17262
17263
17264
17265
17266
17267
17268
17269
17270
17271
17272
17273
17274
17275
17276
17277
17278
17279
17280
17281
17282
17283
17284
17285
17286
17287
17288
17289
17290
17291
17292
17293
17295
17296
17297
17298
17299
17300
17301
17302
17303
17304
17305
17306
17307
17308
17309
17310
17311
17312
17313
17314
17315
17316
17317
17318
17319
17320
17321
17322
17323
17324
17325
17326
17327
17328
17329
17330
17331
17332
17333
17334
17336
17337
17338
17339
17340
17341
42029
42030
42031
42032
42033
42034
42035
42036
42037
42038
42039
42040
42041
42042
42043
42044
42045
42046
42047
42048
42049
42050
42051
42052
42053
42054
42055
42056
42057
42058
42059
42060
42061
42062
42063
42064
42065
42066
42067
42068
42069
42070
42071
42072
42073
42074
42075
42076
42077
42078
42079
42080
42081
42082
42083
42084
42085
42086
42087
42088
42089
42090
42091
42092
42093
42094
42095
42096
42097
42098
42099
42100
42101
42102
42103
42104
42105
42106
42107
42108
42109
42110
42111
42112
42113
42114
42115
42116
42117
42118
42119
42120
42121
97539
97540
97541
97542
97543
97544
97545
97546
97547
97548
97549
97550
97551
97552
97554
97555
97556
97557
97558
97559
97561
116103
116104
116105
116106
116107
118441
118442
118443
118444
118445
118446
118447
118448
118449
118450
118451
118452
118453
118454
118455
118456
118457
118458
118459
118460
118461
118462
118463
118464